<svg version="1.0" xmlns="http://www.w3.org/2000/svg" width="512.000000pt" height="512.000000pt" viewBox="0 0 512.000000 512.000000" preserveAspectRatio="xMidYMid meet" style="max-width: 100%; max-height: 100%; width: auto; height: auto; transform: scale(1);">

<g transform="translate(0.000000,512.000000) scale(0.100000,-0.100000)" fill="#ffffff" stroke="none" data-element-index="0" style="cursor: pointer; fill: rgb(2, 40, 28);">
<path d="M1243 5108 c-19 -24 -173 -373 -173 -391 0 -9 95 -126 210 -260 l211
-242 -66 -7 c-456 -46 -893 -312 -1153 -701 -122 -183 -208 -395 -248 -612
-26 -139 -26 -411 0 -550 128 -696 675 -1219 1371 -1311 143 -19 353 -14 490
12 50 9 98 17 108 18 13 1 26 -21 52 -84 73 -177 196 -359 340 -505 238 -239
522 -389 860 -452 124 -23 425 -24 550 -1 584 109 1053 514 1241 1072 253 750
-91 1578 -805 1935 -165 83 -365 143 -529 158 l-64 6 140 141 c168 169 187
200 187 311 0 71 -3 86 -31 135 -74 132 -236 184 -369 120 l-42 -20 -49 22
c-66 30 -171 31 -234 2 -104 -49 -164 -143 -164 -259 0 -109 21 -146 185 -311
l140 -141 -72 -7 c-39 -3 -103 -14 -141 -22 -39 -9 -73 -12 -77 -8 -4 5 -20
41 -36 79 -112 273 -324 533 -575 704 -209 143 -491 249 -712 267 -43 4 -78
10 -78 14 0 4 92 114 205 244 115 132 205 244 205 255 0 20 -153 366 -172 388
-15 19 -691 19 -705 1z m241 -165 c-20 -43 -39 -82 -43 -86 -6 -6 -41 62 -78
151 -4 9 15 12 75 12 l81 0 -35 -77z m346 72 c0 -3 -17 -42 -37 -87 l-37 -82
-38 80 c-21 43 -38 82 -38 87 0 4 34 7 75 7 41 0 75 -2 75 -5z m-491 -197 l20
-48 -79 0 -79 0 25 57 c14 31 32 70 41 87 l16 31 17 -40 c10 -22 27 -61 39
-87z m296 46 c19 -42 35 -81 35 -85 0 -5 -34 -9 -75 -9 -41 0 -75 2 -75 5 0 9
72 165 76 165 2 0 19 -34 39 -76z m346 -71 c8 -23 7 -23 -71 -23 l-79 0 25 57
c14 31 32 70 41 87 l16 30 29 -65 c16 -35 34 -74 39 -86z m-561 -195 c12 -40
30 -102 40 -138 11 -35 18 -66 16 -67 -2 -2 -58 60 -125 137 l-122 140 85 0
85 0 21 -72z m224 -79 c-24 -84 -46 -154 -48 -156 -3 -3 -9 12 -15 33 -6 22
-26 92 -45 157 l-34 117 93 0 92 0 -43 -151z m260 84 c-169 -195 -196 -224
-191 -207 3 11 23 76 43 147 l37 127 85 0 84 0 -58 -67z m-49 -508 c308 -53
574 -193 801 -419 220 -221 349 -460 416 -770 32 -148 31 -427 -1 -576 -30
-142 -62 -234 -125 -365 -91 -187 -218 -354 -367 -481 -43 -37 -79 -70 -79
-73 0 -11 45 -71 54 -71 19 0 182 149 250 228 147 173 246 348 315 559 49 148
71 279 80 458 l6 140 49 12 c246 61 549 27 779 -88 576 -288 816 -974 542
-1547 -157 -328 -421 -543 -784 -640 -83 -22 -118 -25 -261 -26 -106 -1 -187
4 -225 13 -382 86 -668 305 -830 635 -67 135 -101 251 -117 398 l-12 111 40
30 c77 60 201 194 261 285 153 228 218 443 217 717 -1 346 -125 645 -368 889
-182 182 -409 303 -664 353 -107 20 -336 23 -442 4 -181 -32 -404 -127 -545
-233 -727 -546 -670 -1643 111 -2111 245 -147 546 -205 833 -161 58 9 114 17
125 18 16 1 22 -15 40 -107 12 -60 19 -110 16 -112 -3 -2 -46 -12 -95 -22
-136 -27 -434 -25 -572 5 -611 132 -1065 597 -1179 1207 -28 146 -25 413 4
551 67 312 195 548 416 770 259 259 542 391 936 438 65 8 284 -3 375 -19z
m1561 -280 c19 -8 47 -24 61 -35 34 -27 50 -25 102 10 79 54 157 50 228 -13
64 -56 80 -135 43 -211 -11 -24 -86 -107 -175 -196 l-155 -155 -155 155 c-89
89 -164 172 -175 196 -37 75 -21 152 41 210 56 52 121 66 185 39z m-1595 -49
c516 -99 900 -532 944 -1061 l7 -80 -73 -60 c-120 -100 -233 -244 -309 -395
-302 -600 -93 -1315 486 -1663 397 -238 919 -232 1313 15 277 173 480 451 560
764 73 285 42 592 -85 861 -84 177 -247 371 -404 482 -149 105 -354 191 -530
222 -104 18 -345 16 -445 -5 -104 -21 -105 -21 -105 12 0 24 -21 127 -36 174
-7 22 33 33 191 54 214 29 441 6 656 -66 234 -78 404 -184 585 -364 220 -221
349 -458 415 -766 33 -151 33 -428 0 -580 -131 -612 -587 -1064 -1198 -1187
-134 -27 -434 -24 -566 5 -299 66 -561 207 -766 413 -212 211 -358 489 -418
794 -26 135 -24 415 5 551 63 293 193 541 393 748 53 56 115 115 138 131 22
17 41 35 40 40 0 6 -12 25 -27 44 l-28 33 -60 -49 c-165 -138 -320 -333 -414
-521 -104 -208 -156 -416 -167 -663 l-6 -157 -81 -18 c-100 -23 -358 -26 -451
-5 -380 85 -668 305 -830 635 -68 137 -101 253 -117 402 -49 473 207 939 636
1156 99 50 229 93 326 107 41 6 86 13 100 15 45 8 244 -3 321 -18z m924 -1378
c-44 -215 -148 -412 -308 -583 -36 -38 -68 -67 -72 -63 -9 9 19 141 50 234 32
96 74 179 140 279 52 79 191 232 201 222 3 -3 -2 -43 -11 -89z" data-element-index="1" style="cursor: pointer;"></path>
</g>
</svg>